8 716
32 716
56 716
80 716
104 716
128 716
152 716
176 716
200 716
224 716
224 695 trap
248 716
248 695 trap
272 716
296 716

320 716 1
320 692 1
320 668 1
320 644 1

320 620
320 599 trap
344 620
368 620 
392 620
416 620
440 620
440 599 trap

464 620 1
464 596 1
464 572 1
464 548 1

464 524
488 524
512 524
512 503 trap
536 524
536 503 trap
560 524
584 524

608 524 1
608 500 1
608 476 1
608 452 1
608 428 1

608 404
608 404
632 404
632 383 trap
656 404
680 404
704 404

728 404 1
728 380 1
728 356 1
728 332 1

728 308
752 308
776 308
800 308
824 308
848 308

872 308 1
872 284 1
872 260 1
872 236 1
872 212

896 212
920 212
944 212
968 212
992 212
1016 212
1040 212
1064 212
1088 212

1112 212 1
1112 188 1
1112 164 1
1112 140 1
1112 116 1
