0 675
24 675
48 675
72 675
96 675
120 675
120 654 trap
120 631 trap
144 675
144 654 trap
168 675
168 654 trap
168 631 trap
192 675
216 675
240 675
264 675
288 675
312 675
312 540
336 675
336 654 trap
336 540
360 675
384 675
408 675
432 675
456 675
480 675
504 675
504 654 trap
528 675
552 675
576 675
600 675
624 675
648 675
672 675
672 654 trap
696 675
720 675
744 675
768 675
792 675
816 675
840 675
840 654 trap
864 675
888 675
912 675
936 675
960 675
984 675
1008 675
1008 654 trap
1032 675
1032 654 trap
1056 675
1056 654 trap
1080 675
1104 675
1128 675
1152 675
1176 675
1200 675

1145 645 ac 60 645 920 170
